////////////////////Nearest Neighbors/////////////////////
              precision    recall  f1-score   support

           0       0.17      0.02      0.04        90
           1       0.00      0.00      0.00        31
           2       0.20      0.71      0.31       332
           3       0.00      0.00      0.00        77
           4       0.90      0.06      0.11       149
           5       0.43      0.02      0.04       141
           6       0.20      0.46      0.28       241
           7       0.18      0.05      0.07       133
           8       0.00      0.00      0.00        11
           9       0.25      0.62      0.36       306
          10       0.41      0.92      0.57       776
          11       1.00      0.03      0.05       160

   micro avg       0.30      0.52      0.38      2447
   macro avg       0.31      0.24      0.15      2447
weighted avg       0.37      0.52      0.31      2447
 samples avg       0.32      0.54      0.38      2447
////////////////////Linear SVM/////////////////////
              precision    recall  f1-score   support

           0       0.22      0.02      0.04        90
           1       0.50      0.35      0.42        31
           2       0.57      0.36      0.44       332
           3       0.61      0.18      0.28        77
           4       0.70      0.22      0.34       149
           5       0.41      0.16      0.23       141
           6       0.64      0.52      0.57       241
           7       0.58      0.16      0.25       133
           8       0.75      0.27      0.40        11
           9       0.60      0.31      0.41       306
          10       0.78      0.62      0.69       776
          11       0.58      0.19      0.29       160

   micro avg       0.67      0.39      0.49      2447
   macro avg       0.58      0.28      0.36      2447
weighted avg       0.64      0.39      0.47      2447
 samples avg       0.46      0.42      0.43      2447
////////////////////RBF SVM/////////////////////
              precision    recall  f1-score   support

           0       0.00      0.00      0.00        90
           1       0.00      0.00      0.00        31
           2       0.00      0.00      0.00       332
           3       0.00      0.00      0.00        77
           4       0.00      0.00      0.00       149
           5       0.00      0.00      0.00       141
           6       0.00      0.00      0.00       241
           7       0.00      0.00      0.00       133
           8       0.00      0.00      0.00        11
           9       0.00      0.00      0.00       306
          10       0.90      0.50      0.64       776
          11       0.00      0.00      0.00       160

   micro avg       0.90      0.16      0.27      2447
   macro avg       0.08      0.04      0.05      2447
weighted avg       0.29      0.16      0.20      2447
 samples avg       0.19      0.18      0.19      2447
////////////////////Nearest Neighbors/////////////////////
              precision    recall  f1-score   support

           0       0.17      0.02      0.04        90
           1       0.00      0.00      0.00        31
           2       0.20      0.71      0.31       332
           3       0.00      0.00      0.00        77
           4       0.90      0.06      0.11       149
           5       0.43      0.02      0.04       141
           6       0.20      0.46      0.28       241
           7       0.18      0.05      0.07       133
           8       0.00      0.00      0.00        11
           9       0.25      0.62      0.36       306
          10       0.41      0.92      0.57       776
          11       1.00      0.03      0.05       160

   micro avg       0.30      0.52      0.38      2447
   macro avg       0.31      0.24      0.15      2447
weighted avg       0.37      0.52      0.31      2447
 samples avg       0.32      0.54      0.38      2447
////////////////////Linear SVM/////////////////////
              precision    recall  f1-score   support

           0       0.22      0.02      0.04        90
           1       0.50      0.35      0.42        31
           2       0.57      0.36      0.44       332
           3       0.61      0.18      0.28        77
           4       0.70      0.22      0.34       149
           5       0.41      0.16      0.23       141
           6       0.64      0.52      0.57       241
           7       0.58      0.16      0.25       133
           8       0.75      0.27      0.40        11
           9       0.60      0.31      0.41       306
          10       0.78      0.62      0.69       776
          11       0.58      0.19      0.29       160

   micro avg       0.67      0.39      0.49      2447
   macro avg       0.58      0.28      0.36      2447
weighted avg       0.64      0.39      0.47      2447
 samples avg       0.46      0.42      0.43      2447
////////////////////RBF SVM/////////////////////
              precision    recall  f1-score   support

           0       0.00      0.00      0.00        90
           1       0.00      0.00      0.00        31
           2       0.00      0.00      0.00       332
           3       0.00      0.00      0.00        77
           4       0.00      0.00      0.00       149
           5       0.00      0.00      0.00       141
           6       0.00      0.00      0.00       241
           7       0.00      0.00      0.00       133
           8       0.00      0.00      0.00        11
           9       0.00      0.00      0.00       306
          10       0.90      0.50      0.64       776
          11       0.00      0.00      0.00       160

   micro avg       0.90      0.16      0.27      2447
   macro avg       0.08      0.04      0.05      2447
weighted avg       0.29      0.16      0.20      2447
 samples avg       0.19      0.18      0.19      2447
////////////////////Decision Tree/////////////////////
              precision    recall  f1-score   support

           0       0.86      0.07      0.12        90
           1       0.83      0.32      0.47        31
           2       0.78      0.35      0.49       332
           3       0.83      0.19      0.32        77
           4       0.77      0.32      0.45       149
           5       0.71      0.04      0.07       141
           6       0.77      0.47      0.58       241
           7       0.68      0.13      0.22       133
           8       0.75      0.27      0.40        11
           9       0.78      0.33      0.47       306
          10       0.86      0.69      0.77       776
          11       1.00      0.07      0.14       160

   micro avg       0.82      0.40      0.54      2447
   macro avg       0.80      0.27      0.37      2447
weighted avg       0.81      0.40      0.50      2447
 samples avg       0.47      0.43      0.44      2447
////////////////////Neural Net/////////////////////
              precision    recall  f1-score   support

           0       0.07      0.10      0.09        90
           1       0.19      0.29      0.23        31
           2       0.27      0.30      0.28       332
           3       0.22      0.27      0.24        77
           4       0.23      0.28      0.25       149
           5       0.15      0.14      0.14       141
           6       0.39      0.39      0.39       241
           7       0.18      0.20      0.19       133
           8       0.00      0.00      0.00        11
           9       0.29      0.28      0.28       306
          10       0.56      0.55      0.55       776
          11       0.16      0.16      0.16       160

   micro avg       0.34      0.35      0.34      2447
   macro avg       0.23      0.25      0.23      2447
weighted avg       0.34      0.35      0.35      2447
 samples avg       0.30      0.37      0.31      2447
////////////////////AdaBoost/////////////////////
              precision    recall  f1-score   support

           0       0.47      0.30      0.37        90
           1       0.53      0.52      0.52        31
           2       0.56      0.51      0.53       332
           3       0.51      0.40      0.45        77
           4       0.57      0.45      0.50       149
           5       0.38      0.21      0.27       141
           6       0.65      0.57      0.61       241
           7       0.59      0.37      0.45       133
           8       0.62      0.45      0.53        11
           9       0.63      0.52      0.57       306
          10       0.77      0.73      0.75       776
          11       0.54      0.28      0.36       160

   micro avg       0.64      0.53      0.58      2447
   macro avg       0.57      0.44      0.49      2447
weighted avg       0.63      0.53      0.57      2447
 samples avg       0.56      0.56      0.54      2447
////////////////////Naive Bayes/////////////////////
              precision    recall  f1-score   support

           0       0.38      0.14      0.21        90
           1       0.42      0.35      0.39        31
           2       0.56      0.33      0.42       332
           3       0.48      0.17      0.25        77
           4       0.49      0.26      0.34       149
           5       0.32      0.05      0.09       141
           6       0.64      0.41      0.50       241
           7       0.48      0.19      0.27       133
           8       0.75      0.27      0.40        11
           9       0.57      0.29      0.39       306
          10       0.74      0.62      0.67       776
          11       0.55      0.07      0.12       160

   micro avg       0.63      0.37      0.47      2447
   macro avg       0.53      0.26      0.34      2447
weighted avg       0.59      0.37      0.44      2447
 samples avg       0.42      0.40      0.39      2447
